180151
180152
180153
180154
180155
180156
180157
180158
180159
180160
180161
180162
180163
180164
180151
180152
180153
180154
180155
180156
180157
180158
180159
180160
180161
180162
180163
180164
180173
180174
180175
180176
180177
180178
180179
180180
180181
180182
180183
180184
180185
180186
180187
180188
180189
180190
180191
180192
180193
180194
180195
180196
180197
180202
180203
180204
180205
180206
180207
180208
180209
180210
180211
180212
180213
180214
180215
180216
180217
180218
180219
180220
180237
180238
180239
180240
180241
180242
180243
180244
180245
180246
180247
180248
180249
180250
180251
180252
180253
180254
180255
180256
180257
180258
180259
180260
180261
180262
180263
180264
180265
180266
180280
180281
180282
180283
180284
180285
180286
180287
180288
180289
180290
180291
180292
180293
180294
180295
180296
180297
180298
180299
180300
180301
180302
180303
180304
180305
180306
180307
180308
180309
180310
180311
189066
189067
189068
189069
189070
189071
189072
189073
189074
189075
189138
189139
189140
189141
189142
189143
189144
189145
189146
189147
189148
189149
189150
189151
189152
189153
189154
189238
189239
189240
189241
189242
189243
189244
189245
189246
189254
189255
189256
189257
189258
189259
189260
189261
189262
189263
189264
189265
189266
189267
189268
189269
189270
189271
189272
189273
189274
189275
189276
189277
189404
189405
189406
189407
189408
189409
189410
189411
189412
189413
189414
189415
189416
189417
189418
189419
189420
189715
189716
189717
189718
189719
189720
189721
189722
189723
189724
189725
189726
189727
189728
189729
189730
189731
189732
189733
189734
189735
189736
189737
189738
189739
189740
189741
189742
189743
189744
189745
189746
190764
190765
190766
190767
190768
190769
190770
190771
190881
190882
190883
190884
190885
190886
190887
190888
190889
190890
190891
190893
190894
190895
190896
190897
190898
190899
190900
190901
190902
190903
190904
190905
190906
190907
190908
190909
190910
190929
190930
190931
190932
191423
191424
191425
191426
191427
191428
191429
191430
191431
191432
191433
191434
191435
191436
191437
191438
191439
191440
191441
191442
191443
191444
191445
191446
191447
191448
191449
191450
192205
192206
192207
192208
192209
192210
192211
192212
192213
192214
193125
193126
193127
193128
193129
193130
193131
193132
193133
193134
193135
193136
193137
193138
193139
193140
193141
193142
193148
193149
193150
193151
193152
193153
193154
193155
193156
193157
193158
193159
193160
193161
193162
193163
193164
193165
193166
193167
193168
193169
193170
193171
193172
193173
193174
193175
193176
193177
193285
193286
193287
193288
193289
193290
193291
193292
193293
193294
193359
193360
193361
193362
193363
193364
193365
193366
193367
193368
193369
193370
193371
193372
193373
